248
0.566046 0.297772 0.928499 
0.610989 0.358840 0.944009 
0.702651 0.392072 0.915918 
0.788991 0.373088 0.865537 
0.885824 0.423299 0.798283 
0.938226 0.431045 0.807664 
0.979563 0.436933 0.850140 
0.879564 0.392228 0.872330 
0.986126 0.514608 0.806436 
1.014283 0.272586 0.776961 
1.023788 0.293796 0.818363 
1.070421 0.368948 0.809370 
1.111069 0.396415 0.776139 
1.173737 0.444256 0.861438 
1.197271 0.408099 0.874555 
1.138319 0.335163 0.959901 
1.068201 0.324114 0.975166 
0.991536 0.322119 0.996538 
0.893452 0.358959 0.987836 
0.827682 0.372347 0.959612 
0.741301 0.335776 0.994867 
0.816778 0.280254 1.030950 
0.883634 0.260450 1.101286 
0.852152 0.290954 1.145430 
0.780796 0.266310 1.178254 
0.775359 0.274858 1.205144 
0.656159 0.256974 1.082043 
0.719113 0.269619 1.058147 
0.940459 0.357169 1.169400 
0.705112 0.332702 1.117159 
0.702823 0.358036 1.129829 
0.848822 0.442423 1.120408 
0.856221 0.433486 1.117373 
1.033409 0.490710 1.122191 
1.145482 0.525086 1.045500 
1.132572 0.494976 1.056926 
1.077357 0.478655 1.070497 
1.011916 0.419664 1.066160 
1.071904 0.398628 1.088989 
1.074200 0.664729 0.994680 
1.020900 0.552717 1.012985 
0.987804 0.544991 1.040488 
0.868059 0.538604 1.074304 
0.713045 0.517927 1.155575 
0.662772 0.535471 1.151039 
0.652642 0.542732 1.100893 
0.657188 0.624539 1.102155 
0.572237 0.468346 1.126171 
0.550842 0.456090 1.168251 
0.553046 0.469604 1.206927 
0.696332 0.432631 1.234208 
0.508967 0.382466 1.230597 
0.629528 0.369990 1.327293 
0.686078 0.391002 1.328348 
0.571706 0.431940 1.384840 
0.537888 0.409252 1.360030 
0.506682 0.406424 1.329869 
0.566718 0.366126 1.273073 
0.590635 0.388229 1.253405 
0.459958 0.436190 1.300714 
0.408752 0.486461 1.362281 
0.425833 0.501916 1.341553 
0.444905 0.525329 1.333089 
0.518423 0.544556 1.313362 
0.491304 0.531347 1.416666 
0.555546 0.535369 1.399165 
0.580406 0.520580 1.426720 
0.687969 0.521576 1.393599 
0.800276 0.500031 1.309509 
0.880715 0.416338 1.323917 
0.897687 0.434981 1.343541 
0.830691 0.489916 1.449956 
0.765145 0.473688 1.444517 
0.749764 0.443461 1.386455 
0.758961 0.433556 1.337717 
0.894247 0.498731 1.350275 
0.911500 0.515160 1.260752 
0.988324 0.546731 1.262132 
1.015053 0.565939 1.281136 
0.893203 0.620740 1.237222 
0.877085 0.596031 1.384058 
0.886155 0.610027 1.404975 
0.935946 0.650513 1.360493 
1.020436 0.706869 1.202569 
1.033701 0.692315 1.198392 
1.073427 0.673614 1.236755 
1.000823 0.670645 1.303482 
0.805650 0.648418 1.336697 
0.706962 0.658345 1.324101 
0.769575 0.636515 1.436744 
0.623080 0.650919 1.460221 
0.555442 0.639469 1.462295 
0.553730 0.632630 1.460614 
0.464200 0.599338 1.342421 
0.665894 0.713630 1.498272 
0.703037 0.706491 1.441979 
0.852198 0.760475 1.428657 
0.902310 0.760546 1.372756 
0.958516 0.753493 1.380647 
0.967755 0.804182 1.291791 
0.963462 0.820309 1.301894 
0.905350 0.827669 1.349731 
0.827324 0.823862 1.414653 
0.717896 0.795040 1.457022 
0.532216 0.723156 1.489759 
0.440382 0.696032 1.384061 
0.444539 0.702257 1.419448 
0.470253 0.717720 1.421027 
0.521502 0.717947 1.419192 
0.630416 0.827763 1.454831 
0.602282 0.804181 1.430632 
0.626358 0.759497 1.364101 
0.675616 0.736696 1.308264 
0.500590 0.815584 1.407464 
0.477686 0.795569 1.346164 
0.457958 0.823736 1.350715 
0.533504 0.854722 1.333344 
0.540684 0.903322 1.364128 
0.643871 0.898610 1.349985 
0.724406 0.871496 1.262280 
0.795283 0.897412 1.292192 
0.733637 0.914872 1.349182 
0.840095 0.887513 1.254334 
0.830106 0.821887 1.192365 
0.804007 0.796544 1.168400 
0.763765 0.798946 1.161073 
0.869650 0.915342 1.156139 
0.715132 0.790791 1.077229 
0.782915 0.814975 1.061861 
0.944549 0.854633 1.071576 
0.967478 0.815795 1.031596 
0.951225 0.847803 0.995656 
0.921266 0.879073 0.988451 
1.035049 0.842960 0.971097 
0.858685 0.940752 0.999843 
0.643186 0.897429 1.141734 
0.570389 0.878801 1.175261 
0.532896 0.931719 1.242489 
0.592291 1.001425 1.266603 
0.679803 1.045933 1.246389 
0.724908 1.027278 1.203038 
0.815022 0.993705 1.101070 
0.830676 1.032088 1.111314 
0.824173 1.057509 1.131750 
0.769609 1.021862 0.986162 
0.747417 1.042255 1.012248 
0.736661 1.113712 1.031725 
0.670062 1.117342 1.070544 
0.634036 1.083280 1.099370 
0.589704 1.072177 1.118662 
0.595137 1.083547 1.216793 
0.556794 1.049727 1.214358 
0.515714 1.075853 1.231170 
0.653958 0.963407 1.047331 
0.713722 0.945219 0.955790 
0.667869 0.946442 0.939693 
0.600495 0.974744 0.982294 
0.521445 1.027814 1.030622 
0.502859 1.012979 1.058949 
0.439310 0.994326 1.193343 
0.494493 0.961768 1.129811 
0.400231 1.007248 1.103522 
0.370084 0.990701 1.069930 
0.344582 0.934982 1.119657 
0.359295 0.950881 1.155653 
0.420467 0.903453 1.193717 
0.378927 0.912438 1.215003 
0.327143 0.919657 1.248613 
0.444934 0.977802 0.940562 
0.482520 0.967664 0.905633 
0.536952 0.912287 0.944486 
0.473307 0.909816 1.008516 
0.403692 0.912489 1.033854 
0.273864 0.878575 1.161508 
0.427167 0.797785 1.104039 
0.331943 0.836295 1.048636 
0.309107 0.813477 1.093898 
0.309200 0.786719 1.131819 
0.358533 0.780966 1.191221 
0.369364 0.794134 1.197392 
0.450800 0.832759 0.943999 
0.438719 0.836720 0.950837 
0.318155 0.700615 1.182146 
0.300407 0.696066 1.172236 
0.401713 0.685454 1.105572 
0.366596 0.682131 1.090600 
0.428300 0.712041 1.025395 
0.541930 0.728848 0.960355 
0.685558 0.739948 0.917344 
0.750742 0.775888 0.871257 
0.779372 0.805336 0.841692 
0.675379 0.802095 0.822024 
0.629484 0.808476 0.822209 
0.816903 0.707101 0.856117 
0.931273 0.757817 0.842476 
0.959855 0.796423 0.806063 
1.009806 0.777734 0.759504 
1.042463 0.715047 0.794136 
1.001293 0.662945 0.762134 
1.017426 0.673694 0.696290 
0.879998 0.705750 0.721181 
0.850474 0.742659 0.732114 
0.831266 0.595103 0.783936 
0.807372 0.616427 0.786557 
0.767568 0.691996 0.765340 
0.787606 0.654995 0.703762 
0.621416 0.665309 0.842849 
0.504292 0.675615 0.830526 
0.538693 0.602160 0.830754 
0.554876 0.548359 0.868943 
0.512688 0.505378 0.906227 
0.450393 0.539432 0.968303 
0.414442 0.495743 0.955279 
0.386776 0.560196 1.049715 
0.278453 0.570285 1.087447 
0.278719 0.553379 1.090842 
0.440821 0.560285 1.176978 
0.441916 0.448756 0.991867 
0.285720 0.471454 1.087521 
0.296053 0.464628 1.088412 
0.344507 0.429435 1.036362 
0.293700 0.454645 0.989651 
0.282823 0.495968 0.957832 
0.344516 0.534882 0.922443 
0.240665 0.587329 0.976909 
0.220401 0.637146 1.000175 
0.227484 0.679962 1.001606 
0.234530 0.712362 0.974662 
0.346907 0.722978 0.902804 
0.327579 0.727327 0.916489 
0.295557 0.734665 0.907858 
0.347774 0.648273 0.848875 
0.334751 0.613065 0.875412 
0.315290 0.607788 0.877678 
0.421065 0.711816 0.797956 
0.475117 0.756729 0.731075 
0.516986 0.729928 0.747806 
0.591078 0.713921 0.733207 
0.548639 0.635343 0.757960 
0.518409 0.573174 0.740727 
0.506045 0.541069 0.760107 
0.642288 0.607489 0.718356 
0.686650 0.539048 0.772813 
0.702159 0.497838 0.761951 
0.602370 0.477783 0.819417 
0.478576 0.449200 0.857929 
0.722272 0.562922 1.022888 
0.805684 0.689831 0.920490 
