373
0.432605 0.209157 0.322345 
0.422619 0.431781 0.447254 
0.450851 0.368914 0.465853 
0.536701 0.269435 0.414540 
0.612637 0.091691 0.302644 
0.762543 -0.216460 0.051730 
0.655452 -0.154566 0.102087 
0.706978 -0.198125 0.153122 
0.757028 -0.188948 0.217281 
0.755184 -0.193201 0.231767 
0.760709 -0.087741 0.262557 
0.743433 0.021532 0.315236 
0.683078 0.089189 0.354567 
0.568895 0.429793 0.436962 
0.499871 0.530390 0.448852 
0.499750 0.540166 0.384206 
0.602192 0.513811 0.313027 
0.496256 0.499215 0.271226 
0.552440 0.385232 0.255385 
0.677303 0.288116 0.289826 
0.774114 0.036042 0.111130 
0.802952 -0.119122 -0.008682 
0.755121 -0.159199 -0.062598 
0.735148 -0.143706 -0.163399 
0.805369 -0.102007 -0.176034 
0.800168 -0.048375 -0.177984 
0.803869 0.165692 0.102982 
0.771118 0.285361 0.127163 
0.870027 0.067818 -0.019206 
0.871516 0.136888 -0.004237 
0.753449 0.124419 -0.272828 
0.841597 0.077690 -0.228590 
0.827814 0.095141 -0.256438 
0.838063 0.306983 -0.068181 
0.832219 0.279010 -0.141626 
0.669775 0.242189 -0.136119 
0.675829 0.213768 -0.169560 
0.706851 0.309577 -0.165052 
0.752807 0.468853 -0.010063 
0.758213 0.557685 0.111066 
0.654792 0.560818 0.095442 
0.644284 0.561867 -0.013392 
0.641900 0.466830 -0.037343 
0.442338 0.720451 0.164082 
0.453251 0.767146 0.177261 
0.426646 0.817118 0.048964 
0.351124 0.836711 -0.025522 
0.332073 0.842377 -0.111336 
0.417115 0.754313 -0.158279 
0.455260 0.712037 -0.197616 
0.564916 0.579425 -0.270600 
0.540364 0.524242 -0.326467 
0.654737 0.513891 -0.229746 
0.640341 0.270214 -0.364657 
0.705675 0.360815 -0.373718 
0.549284 0.409699 -0.400576 
0.587550 0.431896 -0.427651 
0.571859 0.319244 -0.389159 
0.543323 0.403227 -0.255603 
0.437921 0.479424 -0.136928 
0.487945 0.509532 -0.146973 
0.380667 0.614839 -0.001295 
0.273277 0.817500 0.122558 
0.220974 0.720918 0.049203 
0.268384 0.744284 -0.005108 
0.466020 0.529280 0.065458 
0.596473 0.228153 0.053171 
0.538161 0.236882 -0.010414 
0.476361 0.286843 -0.000493 
0.523292 0.028364 -0.150106 
0.590484 0.003770 -0.239274 
0.388241 0.077255 0.162663 
0.285694 0.097990 -0.076367 
0.568543 -0.185765 -0.179561 
0.461908 -0.030711 -0.019738 
0.222364 0.124483 0.094166 
0.310811 0.183599 -0.317774 
0.168173 0.272670 0.204042 
0.189445 0.141518 0.159054 
0.177047 0.370043 0.258042 
0.106306 0.466704 0.249682 
0.087499 0.539785 0.276916 
0.044002 0.657639 0.215790 
0.010440 0.734336 0.251707 
-0.009545 0.789378 0.277640 
0.054437 0.746700 0.395301 
0.060279 0.728443 0.464254 
-0.111607 0.683959 0.416477 
-0.094534 0.634243 0.437845 
-0.052973 0.639135 0.553710 
0.074246 0.548534 0.498996 
0.098351 0.533627 0.542729 
0.040462 0.449393 0.583432 
0.068921 0.377482 0.505902 
0.171685 0.170627 0.379902 
0.156675 0.077012 0.360424 
0.165210 0.012074 0.506420 
0.156899 0.191721 0.563244 
0.164460 0.174497 0.543227 
0.269504 0.076520 0.496066 
0.290662 0.093136 0.458295 
0.358549 -0.035011 0.434277 
0.336435 -0.049974 0.414123 
0.281147 -0.102914 0.288966 
0.260041 0.022407 0.237639 
0.350710 -0.222303 0.169788 
0.418607 -0.317478 0.134741 
0.421378 -0.385416 0.119898 
0.327883 -0.391744 0.170007 
0.340465 -0.390255 0.239475 
0.403107 -0.262224 0.374375 
0.288870 -0.108755 0.454741 
0.109075 0.050586 0.500488 
0.346955 -0.386251 0.402148 
0.336348 -0.419443 0.420465 
0.332643 -0.330585 0.522727 
0.288126 -0.227980 0.526765 
0.192563 -0.086485 0.600498 
0.195731 -0.168635 0.549616 
0.131592 -0.173002 0.492271 
0.186398 -0.340146 0.480687 
0.250466 -0.498739 0.447190 
0.300479 -0.539046 0.340267 
0.305538 -0.579004 0.298134 
0.255732 -0.519027 0.201908 
0.361750 -0.567561 0.151985 
0.374754 -0.550058 0.158151 
0.368678 -0.501268 0.050038 
0.366295 -0.476869 0.021084 
0.226373 -0.292353 0.254030 
0.200389 -0.256059 0.174913 
0.155430 -0.050671 0.153238 
0.212393 -0.171323 0.057752 
0.182179 -0.150801 0.065271 
0.321635 -0.306325 -0.058111 
0.214279 -0.472252 0.008899 
0.221376 -0.534349 -0.022290 
0.226160 -0.432906 -0.072288 
0.181443 -0.531409 -0.116156 
0.201850 -0.533063 -0.125695 
0.294839 -0.530000 -0.182137 
0.354015 -0.498199 -0.189832 
0.346760 -0.358708 -0.182656 
0.339225 -0.344113 -0.258490 
0.390732 -0.313477 -0.268855 
0.266305 -0.029953 -0.127850 
0.316068 -0.023172 -0.213218 
0.314011 0.053483 -0.335672 
0.184338 0.247075 -0.305650 
0.124929 0.258340 -0.328158 
0.182269 0.097107 -0.253013 
0.195906 0.068427 -0.177156 
0.092081 0.301787 -0.067262 
0.110634 0.378948 -0.200771 
0.085262 0.347701 -0.223101 
0.028289 0.288822 -0.131099 
0.227976 0.061985 -0.443715 
0.289190 -0.097660 -0.409642 
0.088744 -0.098252 -0.191269 
0.113580 -0.157340 -0.207053 
0.151085 -0.387829 -0.415068 
0.226175 -0.427038 -0.371085 
0.182887 -0.472011 -0.336050 
0.166025 -0.507102 -0.363635 
0.169640 -0.529839 -0.434478 
0.218148 -0.330702 -0.364975 
0.238942 -0.411211 -0.527925 
0.270996 -0.336055 -0.494942 
0.256827 -0.246650 -0.471652 
0.288677 -0.125005 -0.523176 
0.166379 -0.041891 -0.421721 
0.171204 -0.190675 -0.521147 
0.141013 -0.237912 -0.624023 
0.178267 -0.120256 -0.638841 
0.143240 0.023574 -0.579781 
0.104525 0.069792 -0.576851 
0.079831 0.253241 -0.530951 
0.033217 0.218237 -0.586143 
0.026326 0.151858 -0.586106 
0.069814 -0.280373 -0.572061 
0.066973 -0.163300 -0.541521 
-0.042510 0.072414 -0.553644 
-0.013098 -0.181470 -0.417204 
0.016367 -0.426164 -0.526994 
0.018583 -0.474629 -0.318573 
0.006520 -0.567932 -0.360098 
0.011639 -0.599653 -0.360598 
-0.029397 -0.474968 -0.413776 
-0.070972 -0.487961 -0.477168 
-0.107551 -0.389815 -0.523369 
-0.115793 -0.173822 -0.693976 
-0.262695 -0.214331 -0.597853 
-0.250264 -0.254015 -0.596262 
-0.111973 -0.272364 -0.578334 
-0.122727 -0.263720 -0.638615 
-0.092593 -0.078854 -0.623141 
-0.078754 -0.083832 -0.556961 
-0.215064 -0.045019 -0.630227 
-0.166685 0.060527 -0.602706 
-0.175561 0.120006 -0.525851 
-0.113396 0.422076 -0.309646 
-0.103837 0.458061 -0.272359 
-0.100881 0.349458 -0.325236 
-0.137596 0.215133 -0.377426 
-0.118846 0.100513 -0.454361 
-0.064233 0.060582 -0.381102 
-0.036686 0.037933 -0.368902 
-0.293694 0.035615 -0.448850 
-0.056417 -0.239628 -0.198716 
-0.085582 -0.276370 -0.236973 
-0.138404 0.087040 -0.235587 
-0.183942 0.153412 -0.223618 
-0.138305 0.009601 -0.130161 
-0.177366 0.122883 -0.105150 
-0.198272 0.313611 -0.048522 
-0.199852 0.336320 -0.005441 
-0.169771 0.417467 -0.003851 
-0.230257 0.532826 -0.173493 
-0.196903 0.528835 -0.199405 
-0.239404 0.293386 -0.286644 
-0.280885 0.320195 -0.252491 
-0.282628 -0.013250 -0.343131 
-0.338522 -0.045289 -0.417627 
-0.342699 -0.047505 -0.454046 
-0.224309 -0.150596 -0.272136 
-0.340670 -0.094421 -0.232657 
-0.395129 0.154362 -0.138577 
-0.318662 -0.077245 -0.106944 
-0.222877 -0.339374 -0.343571 
-0.217026 -0.356777 -0.311142 
-0.355773 -0.423199 -0.482005 
-0.233547 -0.510245 -0.343855 
-0.216353 -0.476575 -0.316174 
-0.346249 -0.200314 -0.400061 
-0.450749 -0.205160 -0.414675 
-0.279687 -0.348780 -0.235713 
-0.338580 -0.414649 -0.397856 
-0.394655 -0.418130 -0.391826 
-0.463382 -0.425600 -0.386708 
-0.447453 -0.355666 -0.302712 
-0.451852 -0.324906 -0.321855 
-0.437373 -0.267114 -0.323992 
-0.489644 0.008016 -0.277590 
-0.541738 -0.017430 -0.289307 
-0.444297 0.096498 -0.379371 
-0.497370 0.252065 -0.293918 
-0.585570 0.250150 -0.268150 
-0.573314 0.390638 -0.223273 
-0.582690 0.534852 -0.082380 
-0.572909 0.513614 -0.124839 
-0.424790 0.588486 -0.147869 
-0.467022 0.630567 -0.191114 
-0.520335 0.562732 -0.272540 
-0.443534 0.518361 -0.297547 
-0.450869 0.452400 -0.308199 
-0.518217 0.272392 -0.375237 
-0.487808 0.170968 -0.374540 
-0.456129 0.012636 -0.353399 
-0.341691 0.135674 -0.185297 
-0.327388 0.509226 -0.019371 
-0.466137 0.603538 0.202869 
-0.566372 0.668389 0.184705 
-0.508816 0.682289 0.083049 
-0.486394 0.683906 0.083555 
-0.371093 0.712492 0.136111 
-0.347507 0.635584 0.206152 
-0.402556 0.715979 -0.001017 
-0.571381 0.425618 0.197340 
-0.484553 0.431030 0.165102 
-0.400662 0.430525 0.209309 
-0.367713 0.380291 0.191441 
-0.654185 0.147033 -0.144689 
-0.569926 0.074028 -0.173340 
-0.625773 -0.010379 -0.142960 
-0.540622 -0.143918 -0.204844 
-0.456820 -0.284073 -0.146203 
-0.562621 -0.301980 -0.171568 
-0.563648 -0.260428 -0.136268 
-0.422382 -0.106431 -0.034947 
-0.412081 0.255020 0.061380 
-0.520338 0.292520 0.027414 
-0.624501 0.298755 -0.012525 
-0.683901 0.181811 0.002995 
-0.574545 0.073418 -0.031127 
-0.529708 0.097064 0.005386 
-0.510531 0.290369 0.195699 
-0.560895 0.035785 0.132303 
-0.470523 -0.009660 0.086890 
-0.666926 0.022342 0.006660 
-0.670611 -0.059075 -0.034573 
-0.483391 0.085219 0.184737 
-0.571713 -0.271692 -0.022248 
-0.496174 -0.442937 -0.133327 
-0.460113 -0.506712 -0.141500 
-0.341307 -0.412019 -0.015972 
-0.291146 -0.391966 -0.017039 
-0.290293 -0.527864 -0.108353 
-0.303840 -0.525853 -0.120528 
-0.366988 -0.617716 -0.145772 
-0.385661 -0.595250 -0.156614 
-0.235954 -0.636515 -0.101721 
-0.190228 -0.537854 -0.025009 
-0.210020 -0.597332 -0.022859 
-0.321543 -0.612432 -0.002149 
-0.360415 -0.559932 0.036665 
-0.503415 -0.571704 0.001118 
-0.506544 -0.445251 0.016397 
-0.636171 -0.098183 0.189658 
-0.536110 0.062002 0.428613 
-0.523898 0.172707 0.446783 
-0.504475 0.207570 0.411350 
-0.626019 0.210275 0.353133 
-0.668436 0.195448 0.291742 
-0.717951 0.152712 0.302631 
-0.690438 0.055011 0.255440 
-0.601108 -0.196948 0.256339 
-0.571342 -0.366160 0.173660 
-0.623175 -0.388682 0.117073 
-0.629224 -0.331140 0.079494 
-0.673249 -0.266124 0.186284 
-0.720159 -0.167749 0.228761 
-0.740945 -0.141830 0.130996 
-0.484148 0.007038 0.312614 
-0.510181 -0.061199 0.317860 
-0.437529 -0.454292 0.156133 
-0.445615 -0.458001 0.236865 
-0.460014 -0.462494 0.298674 
-0.442739 -0.573268 0.237674 
-0.247398 -0.672080 0.105963 
-0.552982 -0.545793 0.170456 
-0.264501 -0.469720 0.232208 
-0.384898 -0.685983 0.135500 
-0.265015 -0.669277 0.213121 
-0.307899 -0.652623 0.220266 
-0.337192 -0.606711 0.263602 
-0.270168 -0.525276 0.378664 
-0.246563 -0.554011 0.413112 
-0.347143 -0.406286 0.495009 
-0.388840 -0.295966 0.480858 
-0.480293 -0.180234 0.506989 
-0.493681 -0.237381 0.476666 
-0.444418 -0.429020 0.396637 
-0.493482 -0.202239 0.390990 
-0.350117 -0.216502 0.384598 
-0.356912 -0.090320 0.497501 
-0.357189 0.012028 0.634766 
-0.324655 -0.023285 0.619802 
-0.176761 -0.124730 0.515070 
-0.175194 -0.218716 0.526735 
-0.224796 -0.287369 0.560705 
-0.163762 -0.361370 0.415107 
-0.201459 -0.396351 0.392252 
-0.268594 -0.394540 0.425980 
-0.332043 0.018940 0.453223 
-0.301266 0.086136 0.443236 
-0.245388 -0.049280 0.382539 
-0.223260 -0.057761 0.460326 
-0.191182 -0.118023 0.294547 
-0.080086 -0.473831 0.311489 
-0.092893 -0.562613 0.304734 
-0.101444 -0.573091 0.260933 
-0.066424 -0.547787 0.177395 
-0.070923 -0.598132 0.145822 
-0.078487 -0.414770 0.152834 
-0.084008 -0.327857 0.139945 
-0.040539 -0.295064 0.239242 
-0.100720 -0.277408 0.239068 
-0.155898 -0.013620 0.331649 
-0.187671 0.107339 0.336643 
-0.178270 0.268643 0.336710 
-0.231813 0.310090 0.419423 
-0.210111 0.352683 0.485397 
-0.169824 0.298493 0.543009 
