373
-0.027781 -0.344766 -0.419200 
-0.025581 -0.330714 -0.540680 
-0.016137 -0.318667 -0.499547 
-0.086652 -0.277690 -0.495959 
-0.211853 -0.246217 -0.488866 
-0.260102 -0.193421 -0.450893 
-0.345236 -0.047202 -0.439297 
-0.352281 -0.104357 -0.504698 
-0.318685 -0.086053 -0.483104 
-0.310475 -0.127607 -0.474502 
-0.207713 -0.162912 -0.531831 
-0.165407 -0.204777 -0.556404 
-0.134948 -0.212556 -0.585380 
0.071733 -0.296920 -0.483065 
0.093804 -0.349704 -0.538792 
0.114729 -0.298555 -0.569254 
0.139693 -0.250160 -0.532993 
0.200344 -0.247456 -0.496637 
0.033652 -0.182950 -0.601289 
0.020301 -0.154652 -0.540463 
-0.169253 -0.044239 -0.530332 
-0.309512 0.071326 -0.474713 
-0.276781 0.130997 -0.464671 
-0.318592 0.153255 -0.479732 
-0.316978 0.149022 -0.526370 
-0.266671 0.086403 -0.562336 
-0.212318 0.041458 -0.552516 
-0.121602 -0.029500 -0.602749 
-0.208248 0.121514 -0.632837 
-0.130138 0.108723 -0.677424 
-0.070999 0.190271 -0.587125 
-0.144773 0.230307 -0.602666 
-0.159340 0.212861 -0.592333 
-0.072486 0.107276 -0.583045 
-0.065477 0.070858 -0.618830 
-0.015637 0.044500 -0.627531 
0.007971 0.014112 -0.648014 
0.044262 -0.045871 -0.614113 
0.111283 -0.102229 -0.697971 
0.200763 -0.089185 -0.665327 
0.194622 -0.119011 -0.622595 
0.160488 -0.133659 -0.615958 
0.110914 0.021933 -0.654522 
0.333939 -0.186093 -0.562794 
0.344860 -0.162053 -0.579187 
0.394661 -0.136942 -0.542677 
0.411642 -0.103897 -0.542642 
0.412257 -0.033600 -0.586858 
0.386313 0.034369 -0.580981 
0.335782 0.088543 -0.610977 
0.248401 0.129572 -0.631695 
0.176602 0.123241 -0.665153 
0.173873 0.108617 -0.672042 
0.046862 0.268646 -0.613536 
0.102414 0.215362 -0.627822 
0.224398 0.249134 -0.588631 
0.182466 0.261722 -0.539405 
0.096655 0.296910 -0.554419 
0.090512 0.305234 -0.553028 
0.179033 0.082253 -0.498881 
0.198270 0.145173 -0.489204 
0.316212 0.127632 -0.475761 
0.386094 0.022189 -0.430513 
0.270638 -0.006184 -0.464811 
0.269757 0.020727 -0.480149 
0.211716 0.259043 -0.446133 
0.081457 0.311645 -0.425862 
0.100064 0.238314 -0.420614 
0.086748 0.204948 -0.431257 
-0.073468 0.308099 -0.384534 
-0.057558 0.332393 -0.387145 
-0.148722 0.368949 -0.379400 
0.005842 0.100106 -0.289255 
-0.045680 0.141033 -0.322511 
-0.130017 0.231875 -0.377462 
0.093530 0.077173 -0.218722 
-0.249830 0.368754 -0.304592 
0.373342 -0.001748 -0.064549 
0.324977 0.019057 -0.067136 
0.407752 0.045303 -0.130718 
0.431935 -0.008432 -0.145056 
0.492159 -0.073408 -0.114808 
0.532075 -0.101813 -0.147015 
0.574434 -0.129477 -0.132700 
0.599030 -0.156941 -0.069969 
0.605225 -0.103860 -0.001976 
0.631899 -0.052997 0.001603 
0.634099 -0.033678 -0.050989 
0.591667 0.018186 -0.132685 
0.607233 0.059028 -0.101360 
0.540882 0.087289 -0.080420 
0.556655 0.117305 -0.039371 
0.540853 0.181819 -0.084093 
0.475250 0.201939 -0.041614 
0.391103 0.231950 -0.019115 
0.258581 0.384233 -0.063075 
0.291220 0.426336 -0.058627 
0.344647 0.404845 -0.049774 
0.426517 0.353910 -0.039323 
0.355135 0.308441 -0.068538 
0.339022 0.289081 -0.090993 
0.358246 0.413296 0.051384 
0.394136 0.327317 0.072684 
0.323323 0.320799 0.117777 
0.377773 0.233794 0.097683 
0.200260 0.404941 0.076886 
0.176352 0.449504 0.137932 
0.178402 0.438611 0.210955 
0.213852 0.389621 0.220471 
0.266493 0.394151 0.251977 
0.437713 0.253582 0.223238 
0.503554 0.152603 0.163812 
0.502691 0.104205 0.180502 
0.465936 0.088106 0.237380 
0.488547 0.074161 0.265287 
0.519288 0.158211 0.297566 
0.474546 0.135574 0.339590 
0.436549 0.081829 0.338063 
0.361325 0.091632 0.370585 
0.372951 0.188302 0.314668 
0.372551 0.240580 0.374647 
0.339673 0.248992 0.420402 
0.291780 0.192647 0.432514 
0.256393 0.219877 0.447045 
0.189480 0.255636 0.424473 
0.170288 0.318852 0.426864 
0.223288 0.351852 0.380076 
0.266182 0.290072 0.316290 
0.227988 0.146470 0.343472 
0.236148 0.159577 0.351391 
0.234565 0.211789 0.221544 
0.272705 0.147288 0.178778 
0.145649 0.295371 0.136392 
0.153462 0.346334 0.152009 
0.073373 0.380140 0.206746 
-0.014293 0.406287 0.252049 
0.005550 0.387220 0.314717 
0.024575 0.343473 0.351743 
0.027744 0.294915 0.389018 
0.020513 0.240591 0.385397 
-0.054353 0.282291 0.389886 
-0.060169 0.285110 0.380263 
0.031383 0.234891 0.262392 
0.052772 0.220129 0.301134 
0.091023 0.180186 0.303253 
0.152651 0.134861 0.161240 
0.180091 0.136849 0.113324 
0.278849 0.135877 0.069720 
0.277966 0.246692 0.014272 
0.273574 0.223014 -0.037649 
0.161237 0.351976 -0.077428 
0.121221 0.355188 -0.084285 
0.208040 0.269943 -0.141695 
0.170403 0.267499 -0.153461 
0.190672 0.170869 -0.123951 
0.141299 0.195627 -0.092762 
-0.003069 0.407141 -0.063815 
-0.070842 0.375267 -0.057052 
-0.085435 0.304961 -0.021258 
-0.134300 0.281539 0.036462 
-0.285646 0.427833 0.081950 
-0.302070 0.418681 0.106181 
-0.251784 0.417097 0.163643 
-0.259840 0.439361 0.214970 
-0.246922 0.454390 0.231365 
-0.246288 0.372396 0.279584 
-0.247679 0.360756 0.291078 
-0.178203 0.386646 0.323491 
-0.173292 0.422528 0.323820 
-0.165387 0.487577 0.117958 
-0.120343 0.464843 0.162559 
-0.114135 0.476823 0.203785 
-0.069483 0.462933 0.235630 
-0.032377 0.456081 0.263218 
0.061447 0.358145 0.247039 
0.049992 0.327682 0.175963 
0.078519 0.426037 0.113027 
0.058967 0.450476 0.086402 
0.003919 0.441902 0.076604 
-0.126867 0.448455 0.075468 
-0.104778 0.415462 0.058688 
-0.052630 0.285234 0.093221 
-0.173061 0.230833 0.179185 
-0.336118 0.332408 0.180431 
-0.321792 0.305411 0.207512 
-0.332039 0.286633 0.309455 
-0.299366 0.265459 0.314720 
-0.302065 0.238761 0.282520 
-0.392904 0.268457 0.218361 
-0.378775 0.279860 0.135390 
-0.297010 0.266549 0.087243 
-0.235067 0.256533 0.058636 
-0.243768 0.343736 0.008209 
-0.345940 0.300472 -0.002823 
-0.369631 0.282140 -0.011049 
-0.194390 0.330141 -0.142741 
-0.196260 0.327177 -0.109414 
-0.201597 0.371011 -0.087731 
-0.308400 0.333392 -0.082738 
-0.284931 0.273088 -0.080672 
-0.006654 0.111581 -0.102015 
-0.000682 0.122735 -0.177874 
-0.083877 0.131679 -0.201577 
-0.223713 0.143655 -0.211963 
-0.343281 0.198475 -0.147709 
-0.307588 0.197281 -0.158201 
-0.232077 0.156169 -0.120585 
-0.357568 0.133207 -0.106159 
-0.388724 0.143905 -0.059700 
-0.388672 0.139714 -0.019891 
-0.306198 0.052189 -0.158227 
-0.126262 0.038518 -0.105153 
-0.177483 0.031296 -0.121774 
-0.156546 -0.011281 -0.166659 
0.081263 -0.037641 -0.117850 
0.106778 -0.060270 -0.060446 
0.159755 -0.086731 -0.100236 
0.164262 -0.117766 -0.139784 
0.137259 -0.149922 -0.176680 
-0.057816 -0.132614 -0.173819 
-0.038869 -0.128178 -0.163890 
-0.253621 -0.053098 -0.121249 
-0.313543 -0.054148 -0.120699 
-0.333441 -0.007384 -0.055116 
-0.354561 0.032654 -0.015015 
-0.273086 -0.068287 0.005618 
-0.121166 -0.091283 0.006634 
-0.179063 -0.032131 0.083422 
-0.363789 -0.028089 0.053635 
-0.427973 0.001133 0.102447 
-0.476500 0.053513 0.152951 
-0.455228 0.061509 0.176876 
-0.375347 0.059007 0.164419 
-0.317829 0.056649 0.176158 
-0.299897 0.058833 0.224415 
-0.351168 0.054919 0.269008 
-0.365843 0.030915 0.281501 
-0.376354 -0.054251 0.253098 
-0.332638 -0.075970 0.248988 
-0.220921 -0.043337 0.213474 
-0.283477 -0.148995 0.153096 
-0.237912 -0.143287 0.147053 
-0.089879 -0.197420 0.122796 
-0.095246 -0.245370 0.114457 
-0.011698 -0.217710 0.071910 
0.051700 -0.317285 -0.019116 
0.062086 -0.350782 -0.036329 
0.123249 -0.365167 -0.092788 
0.192185 -0.471054 -0.058380 
0.201406 -0.466887 -0.017758 
0.126606 -0.500716 0.009986 
0.062198 -0.460521 -0.118836 
0.061042 -0.475969 -0.096092 
-0.004531 -0.454267 -0.047213 
0.005034 -0.432418 0.012839 
-0.055580 -0.367279 0.004472 
-0.121660 -0.285898 -0.064995 
-0.160928 -0.221678 -0.052307 
-0.075007 -0.200019 -0.019035 
0.164213 -0.326210 -0.136382 
0.272180 -0.404080 -0.137971 
0.294659 -0.390726 -0.146064 
0.347952 -0.385252 -0.086327 
0.348055 -0.328298 -0.066761 
0.388690 -0.374128 -0.011895 
0.390269 -0.365772 0.021730 
0.311916 -0.441001 0.022651 
0.185942 -0.308909 0.004292 
0.199611 -0.325529 0.043408 
0.222160 -0.458256 0.078589 
0.218982 -0.439699 0.120325 
0.098366 -0.431893 0.219787 
0.056364 -0.369142 0.221885 
0.111498 -0.375684 0.282138 
0.078319 -0.310293 0.313190 
0.034695 -0.180680 0.259540 
0.056794 -0.196008 0.326146 
0.143040 -0.159498 0.311336 
0.162292 -0.170596 0.319508 
0.299171 -0.343444 0.163212 
0.325508 -0.315711 0.190182 
0.308185 -0.339597 0.236278 
0.212400 -0.401155 0.213156 
0.164421 -0.302842 0.147734 
0.248324 -0.235664 0.134080 
0.332695 -0.225755 0.131685 
0.210382 -0.172069 0.171704 
0.185315 -0.156278 0.194051 
0.291979 -0.241612 0.282827 
0.293774 -0.211998 0.277916 
0.296544 -0.179892 0.279623 
0.048731 -0.095737 0.404543 
-0.141295 -0.087081 0.375777 
-0.207594 -0.044302 0.490211 
-0.231622 0.008078 0.449255 
-0.239964 0.014442 0.456843 
-0.133248 -0.075539 0.517867 
-0.086983 -0.016203 0.430313 
-0.093004 0.052636 0.469557 
-0.143758 0.068372 0.495354 
-0.153444 0.034561 0.519478 
-0.103603 0.008890 0.537630 
-0.065077 -0.016347 0.518634 
-0.014760 -0.009850 0.517792 
0.020030 -0.012249 0.510398 
-0.035731 -0.072609 0.580151 
-0.026954 -0.146198 0.533400 
0.106143 -0.169507 0.496580 
0.166072 -0.355735 0.385993 
0.186489 -0.326597 0.419234 
0.163349 -0.305045 0.453510 
0.193442 -0.271767 0.504790 
0.261378 -0.218003 0.420592 
0.263984 -0.231729 0.424333 
0.172792 -0.194151 0.449230 
0.032316 -0.229852 0.457731 
-0.053143 -0.194786 0.486335 
-0.083474 -0.225971 0.488552 
-0.116342 -0.253999 0.475188 
-0.068629 -0.304987 0.492637 
-0.037202 -0.347696 0.432948 
-0.074793 -0.347666 0.373838 
-0.013643 -0.323424 0.292249 
-0.025183 -0.364835 0.323626 
-0.332959 -0.131492 0.350112 
-0.370241 -0.101540 0.377546 
-0.317943 -0.085777 0.431460 
-0.312626 -0.095682 0.456354 
-0.289096 -0.147542 0.485900 
-0.233580 -0.171009 0.486806 
-0.212593 -0.189697 0.422863 
-0.264049 -0.252035 0.442007 
-0.344099 -0.209630 0.386542 
-0.320533 -0.249843 0.367469 
-0.303456 -0.248937 0.307020 
-0.249699 -0.302145 0.283163 
-0.203111 -0.382504 0.327329 
-0.124512 -0.438629 0.289358 
-0.096232 -0.436751 0.257616 
-0.053486 -0.463977 0.200976 
-0.102520 -0.458403 0.175093 
-0.237619 -0.424885 0.230163 
-0.241201 -0.408258 0.192874 
-0.291299 -0.292952 0.134419 
-0.277999 -0.418067 0.091269 
-0.156627 -0.475931 0.034301 
-0.223140 -0.483608 0.049448 
-0.343690 -0.391504 0.008598 
-0.376348 -0.378653 0.033450 
-0.385623 -0.365460 0.134716 
-0.436888 -0.319747 0.138990 
-0.450370 -0.276240 0.120593 
-0.472155 -0.276397 0.087719 
-0.263484 -0.421491 -0.008434 
-0.193783 -0.385137 -0.029164 
-0.290374 -0.303548 -0.012982 
-0.355422 -0.295166 -0.033074 
-0.329626 -0.234816 0.035880 
-0.441881 -0.159071 0.110476 
-0.492466 -0.152797 0.117744 
-0.512332 -0.123065 0.113904 
-0.512720 -0.078918 0.062686 
-0.526827 -0.055428 0.038883 
-0.489160 -0.075911 -0.019864 
-0.475828 -0.111079 -0.069519 
-0.470139 -0.139006 -0.095425 
-0.461569 -0.195141 -0.098165 
-0.369804 -0.230345 -0.134275 
-0.338867 -0.225026 -0.140590 
-0.233083 -0.281281 -0.158257 
-0.195936 -0.265538 -0.192389 
-0.144244 -0.304027 -0.202933 
-0.128558 -0.362345 -0.184157 
